label_bioinfo	Year	Longitude	Latitude	Depth_m	Y2001	Y2002	Y2008	Y2013	Y2014	Y2015	Spp
red001	2008	-57.78	66.58	586	0	0	1	0	0	0	mentella
red002	2008	-57.78	66.58	586	0	0	1	0	0	0	mentella
red003	2008	-57.78	66.58	586	0	0	1	0	0	0	mentella
red004	2008	-57.78	66.58	586	0	0	1	0	0	0	mentella
red005	2008	-57.78	66.58	586	0	0	1	0	0	0	mentella
red006	2008	-57.78	66.58	586	0	0	1	0	0	0	mentella
red007	2008	-57.78	66.58	586	0	0	1	0	0	0	mentella
red008	2008	-57.78	66.58	586	0	0	1	0	0	0	mentella
red009	2008	-57.78	66.58	586	0	0	1	0	0	0	mentella
red010	2008	-57.78	66.58	586	0	0	1	0	0	0	mentella
red011	2008	-57.78	66.58	586	0	0	1	0	0	0	mentella
red012	2008	-57.78	66.58	586	0	0	1	0	0	0	mentella
red013	2008	-57.78	66.58	586	0	0	1	0	0	0	mentella
red014	2008	-57.78	66.58	586	0	0	1	0	0	0	mentella
red015	2008	-57.78	66.58	586	0	0	1	0	0	0	mentella
red016	2008	-57.78	66.58	586	0	0	1	0	0	0	mentella
red017	2008	-57.78	66.58	586	0	0	1	0	0	0	mentella
red018	2008	-57.78	66.58	586	0	0	1	0	0	0	mentella
red019	2008	-57.78	66.58	586	0	0	1	0	0	0	mentella
red020	2008	-57.78	66.58	586	0	0	1	0	0	0	mentella
red021	2008	-57.78	66.58	586	0	0	1	0	0	0	mentella
red022	2008	-57.78	66.58	586	0	0	1	0	0	0	mentella
red023	2008	-57.78	66.58	586	0	0	1	0	0	0	mentella
red024	2008	-57.78	66.58	586	0	0	1	0	0	0	mentella
red025	2008	-57.78	66.58	586	0	0	1	0	0	0	mentella
red026	2008	-57.78	66.58	586	0	0	1	0	0	0	mentella
red027	2008	-57.78	66.58	586	0	0	1	0	0	0	mentella
red028	2008	-57.78	66.58	586	0	0	1	0	0	0	mentella
red030	2008	-57.78	66.58	586	0	0	1	0	0	0	mentella
red031	2008	-57.78	66.58	586	0	0	1	0	0	0	mentella
red032	2008	-61.16	67.14	458	0	0	1	0	0	0	mentella
red033	2008	-61.16	67.14	458	0	0	1	0	0	0	mentella
red034	2008	-61.16	67.14	458	0	0	1	0	0	0	mentella
red035	2008	-61.16	67.14	458	0	0	1	0	0	0	mentella
red036	2008	-61.16	67.14	458	0	0	1	0	0	0	mentella
red037	2008	-61.16	67.14	458	0	0	1	0	0	0	mentella
red038	2008	-61.16	67.14	458	0	0	1	0	0	0	mentella
red039	2008	-61.16	67.14	458	0	0	1	0	0	0	mentella
red040	2008	-61.16	67.14	458	0	0	1	0	0	0	mentella
red041	2008	-61.16	67.14	458	0	0	1	0	0	0	mentella
red042	2008	-61.16	67.14	458	0	0	1	0	0	0	mentella
red043	2008	-61.16	67.14	458	0	0	1	0	0	0	mentella
red044	2008	-61.16	67.14	458	0	0	1	0	0	0	mentella
red045	2008	-61.16	67.14	458	0	0	1	0	0	0	mentella
red046	2008	-61.16	67.14	458	0	0	1	0	0	0	mentella
red047	2008	-61.16	67.14	458	0	0	1	0	0	0	mentella
red048	2008	-61.16	67.14	458	0	0	1	0	0	0	mentella
red049	2008	-61.16	67.14	458	0	0	1	0	0	0	mentella
red050	2008	-61.16	67.14	458	0	0	1	0	0	0	mentella
red051	2008	-61.16	67.14	458	0	0	1	0	0	0	mentella
red052	2008	-61.16	67.14	458	0	0	1	0	0	0	mentella
red053	2008	-61.16	67.14	458	0	0	1	0	0	0	mentella
red054	2008	-61.16	67.14	458	0	0	1	0	0	0	mentella
red055	2008	-61.16	67.14	458	0	0	1	0	0	0	mentella
red056	2008	-61.16	67.14	458	0	0	1	0	0	0	mentella
red057	2008	-61.16	67.14	458	0	0	1	0	0	0	mentella
red058	2008	-61.16	67.14	458	0	0	1	0	0	0	mentella
red059	2008	-61.16	67.14	458	0	0	1	0	0	0	mentella
red060	2008	-61.16	67.14	458	0	0	1	0	0	0	mentella
red061	2008	-61.16	67.14	458	0	0	1	0	0	0	mentella
red062	2008	-61.16	67.14	458	0	0	1	0	0	0	mentella
red063	2008	-61.16	67.14	458	0	0	1	0	0	0	mentella
red064	2008	-61.16	67.14	458	0	0	1	0	0	0	mentella
red065	2008	-61.16	67.14	458	0	0	1	0	0	0	mentella
red066	2008	-61.16	67.14	458	0	0	1	0	0	0	mentella
red067	2008	-61.16	67.14	458	0	0	1	0	0	0	mentella
red068	2008	-61.16	67.14	458	0	0	1	0	0	0	mentella
red069	2008	-61.16	67.14	458	0	0	1	0	0	0	mentella
red070	2008	-61.16	67.14	458	0	0	1	0	0	0	mentella
red071	2008	-61.16	67.14	458	0	0	1	0	0	0	mentella
red072	2008	-61.16	67.14	458	0	0	1	0	0	0	mentella
red073	2008	-61.16	67.14	458	0	0	1	0	0	0	mentella
red074	2008	-61.16	67.14	458	0	0	1	0	0	0	mentella
red075	2008	-61.16	67.14	458	0	0	1	0	0	0	mentella
red076	2008	-61.16	67.14	458	0	0	1	0	0	0	mentella
red078	2008	-61.16	67.14	458	0	0	1	0	0	0	mentella
red079	2008	-61.16	67.14	458	0	0	1	0	0	0	mentella
red080	2008	-61.16	67.14	458	0	0	1	0	0	0	mentella
red081	2001	-67.07	42.32	297	1	0	0	0	0	0	fasciatus
red082	2001	-67.07	42.32	297	1	0	0	0	0	0	fasciatus
red083	2001	-67.07	42.32	297	1	0	0	0	0	0	fasciatus
red084	2001	-67.07	42.32	297	1	0	0	0	0	0	fasciatus
red085	2001	-67.07	42.32	297	1	0	0	0	0	0	fasciatus
red086	2001	-67.07	42.32	297	1	0	0	0	0	0	fasciatus
red087	2001	-67.07	42.32	297	1	0	0	0	0	0	fasciatus
red088	2001	-67.07	42.32	297	1	0	0	0	0	0	fasciatus
red089	2001	-67.07	42.32	297	1	0	0	0	0	0	fasciatus
red090	2001	-67.07	42.32	297	1	0	0	0	0	0	fasciatus
red091	2001	-67.07	42.32	297	1	0	0	0	0	0	fasciatus
red092	2001	-67.07	42.32	297	1	0	0	0	0	0	fasciatus
red093	2001	-67.07	42.32	297	1	0	0	0	0	0	fasciatus
red094	2001	-67.07	42.32	297	1	0	0	0	0	0	fasciatus
red095	2001	-67.07	42.32	297	1	0	0	0	0	0	fasciatus
red096	2001	-67.07	42.32	297	1	0	0	0	0	0	fasciatus
red097	2001	-67.07	42.32	297	1	0	0	0	0	0	fasciatus
red098	2001	-67.07	42.32	297	1	0	0	0	0	0	fasciatus
red099	2001	-67.07	42.32	297	1	0	0	0	0	0	fasciatus
red100	2001	-67.07	42.32	297	1	0	0	0	0	0	fasciatus
red101	2001	-67.07	42.32	297	1	0	0	0	0	0	fasciatus
red102	2001	-67.07	42.32	297	1	0	0	0	0	0	fasciatus
red103	2001	-67.07	42.32	297	1	0	0	0	0	0	fasciatus
red104	2001	-67.07	42.32	297	1	0	0	0	0	0	fasciatus
red105	2001	-67.07	42.32	297	1	0	0	0	0	0	fasciatus
red106	2001	-67.07	42.32	297	1	0	0	0	0	0	fasciatus
red107	2001	-67.07	42.32	297	1	0	0	0	0	0	fasciatus
red108	2002	-57.95	49.57	134	0	1	0	0	0	0	fasciatus
red109	2002	-57.95	49.57	134	0	1	0	0	0	0	fasciatus
red110	2002	-57.95	49.57	134	0	1	0	0	0	0	fasciatus
red111	2002	-57.95	49.57	134	0	1	0	0	0	0	fasciatus
red112	2002	-57.95	49.57	134	0	1	0	0	0	0	fasciatus
red113	2002	-57.95	49.57	134	0	1	0	0	0	0	fasciatus
red114	2002	-57.95	49.57	134	0	1	0	0	0	0	fasciatus
red115	2002	-57.95	49.57	134	0	1	0	0	0	0	fasciatus
red116	2002	-57.95	49.57	134	0	1	0	0	0	0	fasciatus
red117	2002	-57.95	49.57	134	0	1	0	0	0	0	fasciatus
red118	2002	-57.95	49.57	134	0	1	0	0	0	0	fasciatus
red119	2002	-57.95	49.57	134	0	1	0	0	0	0	fasciatus
red120	2002	-57.95	49.57	134	0	1	0	0	0	0	fasciatus
red121	2002	-57.95	49.57	134	0	1	0	0	0	0	fasciatus
red122	2002	-57.95	49.57	134	0	1	0	0	0	0	fasciatus
red123	2002	-57.95	49.57	134	0	1	0	0	0	0	fasciatus
red124	2002	-57.95	49.57	134	0	1	0	0	0	0	fasciatus
red125	2002	-57.95	49.57	134	0	1	0	0	0	0	fasciatus
red126	2002	-57.95	49.57	134	0	1	0	0	0	0	fasciatus
red127	2002	-57.95	49.57	134	0	1	0	0	0	0	fasciatus
red128	2002	-57.95	49.57	134	0	1	0	0	0	0	fasciatus
red129	2002	-57.95	49.57	134	0	1	0	0	0	0	fasciatus
red130	2002	-57.95	49.57	134	0	1	0	0	0	0	fasciatus
red131	2002	-57.95	49.57	134	0	1	0	0	0	0	fasciatus
red132	2002	-57.95	49.57	134	0	1	0	0	0	0	fasciatus
red133	2002	-57.95	49.57	134	0	1	0	0	0	0	fasciatus
red134	2002	-57.95	49.57	134	0	1	0	0	0	0	fasciatus
red135	2002	-57.95	49.57	134	0	1	0	0	0	0	fasciatus
red136	2002	-57.95	49.57	134	0	1	0	0	0	0	fasciatus
red137	2002	-57.95	49.57	134	0	1	0	0	0	0	fasciatus
red138	2013	-65.41	49.82	241	0	0	0	1	0	0	mentella
red139	2013	-65.41	49.82	241	0	0	0	1	0	0	fasciatus
red140	2013	-65.41	49.82	241	0	0	0	1	0	0	mentella
red142	2013	-65.41	49.82	241	0	0	0	1	0	0	mentella
red143	2013	-65.41	49.82	241	0	0	0	1	0	0	mentella
red144	2013	-65.41	49.82	241	0	0	0	1	0	0	fasciatus
red145	2013	-65.41	49.82	241	0	0	0	1	0	0	fasciatus
red146	2013	-65.41	49.82	241	0	0	0	1	0	0	fasciatus
red147	2013	-65.41	49.82	241	0	0	0	1	0	0	mentella
red148	2013	-65.41	49.82	241	0	0	0	1	0	0	fasciatus
red149	2013	-65.41	49.82	241	0	0	0	1	0	0	mentella
red150	2013	-65.41	49.82	241	0	0	0	1	0	0	fasciatus
red151	2013	-65.41	49.82	241	0	0	0	1	0	0	fasciatus
red152	2013	-65.41	49.82	241	0	0	0	1	0	0	fasciatus
red153	2013	-65.41	49.82	241	0	0	0	1	0	0	fasciatus
red154	2013	-65.41	49.82	241	0	0	0	1	0	0	fasciatus
red155	2013	-65.41	49.82	241	0	0	0	1	0	0	fasciatus
red156	2013	-65.41	49.82	241	0	0	0	1	0	0	mentella
red157	2013	-65.41	49.82	241	0	0	0	1	0	0	mentella
red158	2013	-65.41	49.82	241	0	0	0	1	0	0	mentella
red159	2013	-65.41	49.82	241	0	0	0	1	0	0	mentella
red160	2013	-65.41	49.82	241	0	0	0	1	0	0	mentella
red161	2013	-65.41	49.82	241	0	0	0	1	0	0	mentella
red162	2013	-65.41	49.82	241	0	0	0	1	0	0	fasciatus
red163	2013	-65.41	49.82	241	0	0	0	1	0	0	fasciatus
red164	2013	-65.41	49.82	241	0	0	0	1	0	0	mentella
red165	2013	-65.41	49.82	241	0	0	0	1	0	0	fasciatus
red166	2013	-65.41	49.82	241	0	0	0	1	0	0	fasciatus
red167	2013	-65.41	49.82	241	0	0	0	1	0	0	fasciatus
red168	2013	-65.41	49.82	241	0	0	0	1	0	0	mentella
red169	2013	-65.41	49.82	241	0	0	0	1	0	0	fasciatus
red170	2013	-65.41	49.82	241	0	0	0	1	0	0	fasciatus
red171	2013	-65.41	49.82	241	0	0	0	1	0	0	mentella
red172	2013	-65.41	49.82	241	0	0	0	1	0	0	mentella
red173	2013	-65.41	49.82	241	0	0	0	1	0	0	mentella
red174	2013	-65.41	49.82	241	0	0	0	1	0	0	fasciatus
red175	2013	-65.41	49.82	241	0	0	0	1	0	0	mentella
red176	2013	-65.41	49.82	241	0	0	0	1	0	0	mentella
red177	2013	-66.68	49.89	230	0	0	0	1	0	0	mentella
red178	2013	-66.68	49.89	230	0	0	0	1	0	0	mentella
red179	2013	-66.68	49.89	230	0	0	0	1	0	0	mentella
red180	2013	-66.68	49.89	230	0	0	0	1	0	0	mentella
red182	2013	-66.68	49.89	230	0	0	0	1	0	0	mentella
red183	2013	-66.68	49.89	230	0	0	0	1	0	0	mentella
red184	2013	-66.68	49.89	230	0	0	0	1	0	0	mentella
red185	2013	-66.68	49.89	230	0	0	0	1	0	0	mentella
red186	2013	-66.68	49.89	230	0	0	0	1	0	0	mentella
red187	2013	-66.68	49.89	230	0	0	0	1	0	0	mentella
red188	2013	-58.08	50.13	228	0	0	0	1	0	0	mentella
red189	2013	-58.08	50.13	228	0	0	0	1	0	0	mentella
red190	2013	-58.08	50.13	228	0	0	0	1	0	0	mentella
red191	2013	-58.08	50.13	228	0	0	0	1	0	0	mentella
red192	2013	-58.08	50.13	228	0	0	0	1	0	0	mentella
red193	2002	-59.74	48.3	248	0	1	0	0	0	0	fasciatus
red194	2002	-59.74	48.3	248	0	1	0	0	0	0	fasciatus
red195	2002	-59.74	48.3	248	0	1	0	0	0	0	fasciatus
red196	2002	-59.74	48.3	248	0	1	0	0	0	0	fasciatus
red197	2002	-59.74	48.3	248	0	1	0	0	0	0	fasciatus
red198	2002	-59.74	48.3	248	0	1	0	0	0	0	fasciatus
red199	2002	-59.74	48.3	248	0	1	0	0	0	0	fasciatus
red200	2002	-59.74	48.3	248	0	1	0	0	0	0	fasciatus
red201	2002	-59.74	48.3	248	0	1	0	0	0	0	fasciatus
red202	2002	-59.74	48.3	248	0	1	0	0	0	0	fasciatus
red203	2002	-59.74	48.3	248	0	1	0	0	0	0	fasciatus
red204	2002	-59.74	48.3	248	0	1	0	0	0	0	fasciatus
red205	2002	-59.74	48.3	248	0	1	0	0	0	0	fasciatus
red206	2002	-59.74	48.3	248	0	1	0	0	0	0	fasciatus
red207	2002	-59.74	48.3	248	0	1	0	0	0	0	fasciatus
red208	2002	-59.74	48.3	248	0	1	0	0	0	0	fasciatus
red209	2002	-59.74	48.3	248	0	1	0	0	0	0	fasciatus
red210	2002	-59.74	48.3	248	0	1	0	0	0	0	fasciatus
red211	2002	-59.74	48.3	248	0	1	0	0	0	0	fasciatus
red212	2002	-59.74	48.3	248	0	1	0	0	0	0	fasciatus
red213	2002	-59.74	48.3	248	0	1	0	0	0	0	fasciatus
red214	2002	-59.74	48.3	248	0	1	0	0	0	0	fasciatus
red215	2002	-59.74	48.3	248	0	1	0	0	0	0	fasciatus
red216	2002	-59.74	48.3	248	0	1	0	0	0	0	fasciatus
red217	2002	-59.74	48.3	248	0	1	0	0	0	0	fasciatus
red218	2002	-59.74	48.3	248	0	1	0	0	0	0	fasciatus
red219	2002	-59.74	48.3	248	0	1	0	0	0	0	fasciatus
red220	2002	-59.74	48.3	248	0	1	0	0	0	0	fasciatus
red221	2002	-59.74	48.3	248	0	1	0	0	0	0	fasciatus
red222	2002	-59.74	48.3	248	0	1	0	0	0	0	fasciatus
red223	2002	-59.74	48.3	248	0	1	0	0	0	0	fasciatus
red224	2002	-59.74	48.3	248	0	1	0	0	0	0	fasciatus
red225	2002	-56.03	44.87	448	0	1	0	0	0	0	fasciatus
red226	2002	-56.03	44.87	448	0	1	0	0	0	0	fasciatus
red227	2002	-56.03	44.87	448	0	1	0	0	0	0	fasciatus
red228	2002	-56.03	44.87	448	0	1	0	0	0	0	fasciatus
red229	2002	-56.03	44.87	448	0	1	0	0	0	0	fasciatus
red230	2002	-56.03	44.87	448	0	1	0	0	0	0	fasciatus
red231	2002	-56.03	44.87	448	0	1	0	0	0	0	fasciatus
red232	2002	-56.03	44.87	448	0	1	0	0	0	0	fasciatus
red233	2002	-56.03	44.87	448	0	1	0	0	0	0	fasciatus
red234	2002	-56.03	44.87	448	0	1	0	0	0	0	fasciatus
red235	2002	-56.03	44.87	448	0	1	0	0	0	0	fasciatus
red236	2002	-56.03	44.87	448	0	1	0	0	0	0	fasciatus
red237	2002	-56.03	44.87	448	0	1	0	0	0	0	fasciatus
red238	2002	-56.03	44.87	448	0	1	0	0	0	0	fasciatus
red239	2002	-56.03	44.87	448	0	1	0	0	0	0	fasciatus
red240	2002	-56.03	44.87	448	0	1	0	0	0	0	fasciatus
red241	2002	-56.03	44.87	448	0	1	0	0	0	0	fasciatus
red242	2002	-56.03	44.87	448	0	1	0	0	0	0	fasciatus
red243	2002	-56.03	44.87	448	0	1	0	0	0	0	fasciatus
red244	2002	-56.03	44.87	448	0	1	0	0	0	0	fasciatus
red245	2002	-56.03	44.87	448	0	1	0	0	0	0	fasciatus
red246	2002	-56.03	44.87	448	0	1	0	0	0	0	fasciatus
red247	2002	-56.03	44.87	448	0	1	0	0	0	0	fasciatus
red248	2002	-56.03	44.87	448	0	1	0	0	0	0	fasciatus
red249	2002	-56.03	44.87	448	0	1	0	0	0	0	fasciatus
red250	2002	-56.03	44.87	448	0	1	0	0	0	0	fasciatus
red251	2002	-56.03	44.87	448	0	1	0	0	0	0	fasciatus
red252	2002	-56.03	44.87	448	0	1	0	0	0	0	fasciatus
red253	2002	-56.03	44.87	448	0	1	0	0	0	0	fasciatus
red254	2002	-56.03	44.87	448	0	1	0	0	0	0	fasciatus
red255	2002	-56.03	44.87	448	0	1	0	0	0	0	fasciatus
red256	2002	-56.03	44.87	448	0	1	0	0	0	0	fasciatus
red257	2001	-59.18	49.76	217	1	0	0	0	0	0	fasciatus
red258	2001	-59.18	49.76	217	1	0	0	0	0	0	fasciatus
red259	2001	-59.18	49.76	217	1	0	0	0	0	0	fasciatus
red260	2001	-59.18	49.76	217	1	0	0	0	0	0	fasciatus
red261	2001	-59.18	49.76	217	1	0	0	0	0	0	fasciatus
red262	2001	-59.18	49.76	217	1	0	0	0	0	0	fasciatus
red263	2001	-59.18	49.76	217	1	0	0	0	0	0	fasciatus
red264	2001	-59.18	49.76	217	1	0	0	0	0	0	fasciatus
red265	2001	-59.18	49.76	217	1	0	0	0	0	0	fasciatus
red266	2001	-59.18	49.76	217	1	0	0	0	0	0	fasciatus
red267	2001	-59.18	49.76	217	1	0	0	0	0	0	fasciatus
red268	2001	-59.18	49.76	217	1	0	0	0	0	0	fasciatus
red269	2001	-59.18	49.76	217	1	0	0	0	0	0	fasciatus
red270	2001	-59.18	49.76	217	1	0	0	0	0	0	fasciatus
red271	2001	-59.18	49.76	217	1	0	0	0	0	0	fasciatus
red272	2001	-59.18	49.76	217	1	0	0	0	0	0	fasciatus
red273	2001	-59.18	49.76	217	1	0	0	0	0	0	fasciatus
red274	2001	-59.18	49.76	217	1	0	0	0	0	0	fasciatus
red275	2001	-59.18	49.76	217	1	0	0	0	0	0	fasciatus
red276	2001	-59.18	49.76	217	1	0	0	0	0	0	fasciatus
red277	2001	-59.18	49.76	217	1	0	0	0	0	0	fasciatus
red278	2001	-59.18	49.76	217	1	0	0	0	0	0	fasciatus
red279	2001	-59.18	49.76	217	1	0	0	0	0	0	fasciatus
red280	2001	-59.18	49.76	217	1	0	0	0	0	0	fasciatus
red281	2001	-59.18	49.76	217	1	0	0	0	0	0	fasciatus
red282	2001	-59.18	49.76	217	1	0	0	0	0	0	fasciatus
red283	2001	-59.18	49.76	217	1	0	0	0	0	0	fasciatus
red284	2001	-59.18	49.76	217	1	0	0	0	0	0	fasciatus
red285	2001	-59.18	49.76	217	1	0	0	0	0	0	fasciatus
red286	2001	-59.18	49.76	217	1	0	0	0	0	0	fasciatus
red287	2013	-60.15	49.17	276	0	0	0	1	0	0	fasciatus
red288	2013	-58.7	50.25	229	0	0	0	1	0	0	fasciatus
red290	2013	-58.7	50.25	229	0	0	0	1	0	0	fasciatus
red291	2013	-58.08	50.13	228	0	0	0	1	0	0	mentella
red292	2013	-58.08	50.13	228	0	0	0	1	0	0	fasciatus
red293	2013	-58.08	50.13	228	0	0	0	1	0	0	mentella
red294	2013	-58.08	50.13	228	0	0	0	1	0	0	mentella
red295	2013	-58.08	50.13	228	0	0	0	1	0	0	mentella
red296	2013	-58.08	50.13	228	0	0	0	1	0	0	mentella
red297	2013	-58.08	50.13	228	0	0	0	1	0	0	fasciatus
red298	2013	-58.08	50.13	228	0	0	0	1	0	0	mentella
red299	2013	-58.08	50.13	228	0	0	0	1	0	0	mentella
red300	2013	-58.08	50.13	228	0	0	0	1	0	0	mentella
red301	2013	-58.08	50.13	228	0	0	0	1	0	0	mentella
red302	2013	-58.08	50.13	228	0	0	0	1	0	0	mentella
red303	2013	-58.08	50.13	228	0	0	0	1	0	0	mentella
red304	2013	-58.08	50.13	228	0	0	0	1	0	0	mentella
red305	2013	-58.08	50.13	228	0	0	0	1	0	0	mentella
red306	2013	-58.08	50.13	228	0	0	0	1	0	0	mentella
red307	2013	-58.08	50.13	228	0	0	0	1	0	0	mentella
red308	2013	-58.08	50.13	228	0	0	0	1	0	0	fasciatus
red309	2013	-58.08	50.13	228	0	0	0	1	0	0	mentella
red310	2013	-58.08	50.13	228	0	0	0	1	0	0	mentella
red311	2013	-58.08	50.13	228	0	0	0	1	0	0	mentella
red312	2013	-58.08	50.13	228	0	0	0	1	0	0	mentella
red313	2013	-58.08	50.13	228	0	0	0	1	0	0	mentella
red314	2013	-58.08	50.13	228	0	0	0	1	0	0	mentella
red315	2013	-58.08	50.13	228	0	0	0	1	0	0	mentella
red316	2013	-58.08	50.13	228	0	0	0	1	0	0	mentella
red317	2013	-58.08	50.13	228	0	0	0	1	0	0	mentella
red318	2013	-58.08	50.13	228	0	0	0	1	0	0	mentella
red319	2013	-58.08	50.13	228	0	0	0	1	0	0	mentella
red320	2013	-70.19	48.24	387	0	0	0	1	0	0	mentella
red321	2013	-70.85	48.32	387	0	0	0	1	0	0	mentella
red322	2013	-70.8	48.34	387	0	0	0	1	0	0	mentella
red323	2013	-70.87	48.35	387	0	0	0	1	0	0	mentella
red325	2014	-47.04	46.51	678	0	0	0	0	1	0	fasciatus
red326	2014	-47.04	46.51	678	0	0	0	0	1	0	fasciatus
red327	2014	-47.04	46.51	678	0	0	0	0	1	0	fasciatus
red328	2014	-47.23	47.01	635	0	0	0	0	1	0	fasciatus
red329	2014	-47.23	47.01	635	0	0	0	0	1	0	fasciatus
red331	2014	-47.23	47.01	635	0	0	0	0	1	0	fasciatus
red334	2014	-50.53	50.27	649	0	0	0	0	1	0	fasciatus
red335	2014	-50.53	50.27	649	0	0	0	0	1	0	fasciatus
red336	2014	-50.53	50.27	649	0	0	0	0	1	0	fasciatus
red337	2014	-50.53	50.27	649	0	0	0	0	1	0	fasciatus
red338	2014	-50.53	50.27	649	0	0	0	0	1	0	fasciatus
red340	2014	-50.67	50.64	678	0	0	0	0	1	0	fasciatus
red341	2014	-50.67	50.64	678	0	0	0	0	1	0	fasciatus
red342	2014	-50.67	50.64	678	0	0	0	0	1	0	fasciatus
red343	2014	-50.67	50.64	678	0	0	0	0	1	0	fasciatus
red344	2014	-50.67	50.64	678	0	0	0	0	1	0	fasciatus
red345	2014	-50.67	50.64	678	0	0	0	0	1	0	fasciatus
red346	2014	-50.67	50.64	678	0	0	0	0	1	0	fasciatus
red347	2014	-50.67	50.64	678	0	0	0	0	1	0	fasciatus
red348	2014	-50.67	50.64	678	0	0	0	0	1	0	fasciatus
red349	2014	-50.67	50.64	678	0	0	0	0	1	0	fasciatus
red350	2014	-50.67	50.64	678	0	0	0	0	1	0	fasciatus
red351	2014	-53.77	52.72	405	0	0	0	0	1	0	fasciatus
red352	2014	-53.77	52.72	405	0	0	0	0	1	0	fasciatus
red353	2014	-53.77	52.72	405	0	0	0	0	1	0	fasciatus
red354	2014	-53.77	52.72	405	0	0	0	0	1	0	fasciatus
red355	2014	-53.77	52.72	405	0	0	0	0	1	0	fasciatus
red356	2014	-53.77	52.72	405	0	0	0	0	1	0	fasciatus
red357	2014	-53.77	52.72	405	0	0	0	0	1	0	fasciatus
red358	2014	-53.77	52.72	405	0	0	0	0	1	0	fasciatus
red359	2014	-53.77	52.72	405	0	0	0	0	1	0	fasciatus
red360	2014	-53.77	52.72	405	0	0	0	0	1	0	fasciatus
red361	2014	-53.77	52.72	405	0	0	0	0	1	0	fasciatus
red362	2014	-53.77	52.72	405	0	0	0	0	1	0	fasciatus
red363	2014	-53.77	52.72	405	0	0	0	0	1	0	fasciatus
red364	2014	-53.77	52.72	405	0	0	0	0	1	0	fasciatus
red365	2014	-53.77	52.72	405	0	0	0	0	1	0	fasciatus
red366	2014	-53.77	52.72	405	0	0	0	0	1	0	fasciatus
red367	2014	-53.77	52.72	405	0	0	0	0	1	0	fasciatus
red368	2014	-53.77	52.72	405	0	0	0	0	1	0	fasciatus
red369	2014	-53.77	52.72	405	0	0	0	0	1	0	fasciatus
red370	2014	-53.77	52.72	405	0	0	0	0	1	0	fasciatus
red371	2014	-53.77	52.72	405	0	0	0	0	1	0	fasciatus
red372	2014	-53.77	52.72	405	0	0	0	0	1	0	fasciatus
red373	2014	-53.77	52.72	405	0	0	0	0	1	0	fasciatus
red374	2014	-54.38	53.14	387	0	0	0	0	1	0	fasciatus
red375	2014	-54.38	53.14	387	0	0	0	0	1	0	fasciatus
red376	2014	-54.38	53.14	387	0	0	0	0	1	0	fasciatus
red377	2014	-54.38	53.14	387	0	0	0	0	1	0	fasciatus
red378	2014	-54.38	53.14	387	0	0	0	0	1	0	fasciatus
red379	2014	-54.38	53.14	387	0	0	0	0	1	0	fasciatus
red380	2014	-54.38	53.14	387	0	0	0	0	1	0	fasciatus
red381	2014	-54.38	53.14	387	0	0	0	0	1	0	fasciatus
red382	2014	-54.38	53.14	387	0	0	0	0	1	0	fasciatus
red383	2014	-54.38	53.14	387	0	0	0	0	1	0	fasciatus
red384	2014	-54.38	53.14	387	0	0	0	0	1	0	fasciatus
red385	2014	-54.38	53.14	387	0	0	0	0	1	0	fasciatus
red386	2014	-48.51	48.04	311	0	0	0	0	1	0	fasciatus
red387	2014	-48.51	48.04	311	0	0	0	0	1	0	fasciatus
red388	2014	-48.51	48.04	311	0	0	0	0	1	0	fasciatus
red389	2014	-48.51	48.04	311	0	0	0	0	1	0	fasciatus
red390	2014	-48.51	48.04	311	0	0	0	0	1	0	fasciatus
red391	2014	-48.51	48.04	311	0	0	0	0	1	0	fasciatus
red392	2014	-48.51	48.04	311	0	0	0	0	1	0	fasciatus
red393	2014	-48.51	48.04	311	0	0	0	0	1	0	fasciatus
red394	2014	-48.51	48.04	311	0	0	0	0	1	0	fasciatus
red395	2014	-48.51	48.04	311	0	0	0	0	1	0	fasciatus
red396	2014	-48.51	48.04	311	0	0	0	0	1	0	fasciatus
red397	2014	-48.51	48.04	311	0	0	0	0	1	0	fasciatus
red398	2014	-48.51	48.04	311	0	0	0	0	1	0	fasciatus
red399	2014	-48.51	48.04	311	0	0	0	0	1	0	fasciatus
red400	2014	-48.51	48.04	311	0	0	0	0	1	0	fasciatus
red401	2014	-49.08	48.31	470	0	0	0	0	1	0	fasciatus
red402	2014	-49.08	48.31	470	0	0	0	0	1	0	fasciatus
red403	2014	-49.08	48.31	470	0	0	0	0	1	0	fasciatus
red404	2014	-49.08	48.31	470	0	0	0	0	1	0	fasciatus
red405	2014	-49.08	48.31	470	0	0	0	0	1	0	fasciatus
red406	2014	-49.08	48.31	470	0	0	0	0	1	0	fasciatus
red407	2014	-49.08	48.31	470	0	0	0	0	1	0	fasciatus
red408	2014	-49.08	48.31	470	0	0	0	0	1	0	fasciatus
red409	2014	-49.08	48.31	470	0	0	0	0	1	0	fasciatus
red410	2014	-49.08	48.31	470	0	0	0	0	1	0	fasciatus
red411	2014	-49.14	48.36	564	0	0	0	0	1	0	fasciatus
red412	2014	-49.14	48.36	564	0	0	0	0	1	0	fasciatus
red413	2014	-49.14	48.36	564	0	0	0	0	1	0	fasciatus
red414	2014	-49.14	48.36	564	0	0	0	0	1	0	fasciatus
red415	2014	-49.34	48.31	292	0	0	0	0	1	0	fasciatus
red416	2014	-49.34	48.31	292	0	0	0	0	1	0	fasciatus
red417	2014	-49.34	48.31	292	0	0	0	0	1	0	fasciatus
red418	2014	-49.34	48.31	292	0	0	0	0	1	0	fasciatus
red419	2014	-49.34	48.31	292	0	0	0	0	1	0	fasciatus
red420	2014	-49.34	48.31	292	0	0	0	0	1	0	fasciatus
red421	2014	-47.68	46.05	307	0	0	0	0	1	0	fasciatus
red422	2014	-47.68	46.05	307	0	0	0	0	1	0	fasciatus
red423	2014	-47.68	46.05	307	0	0	0	0	1	0	fasciatus
red424	2014	-47.68	46.05	307	0	0	0	0	1	0	fasciatus
red425	2014	-47.68	46.05	307	0	0	0	0	1	0	fasciatus
red426	2014	-47.68	46.05	307	0	0	0	0	1	0	fasciatus
red427	2014	-47.68	46.05	307	0	0	0	0	1	0	fasciatus
red428	2014	-47.68	46.05	307	0	0	0	0	1	0	fasciatus
red429	2014	-47.68	46.05	307	0	0	0	0	1	0	fasciatus
red430	2014	-47.68	46.05	307	0	0	0	0	1	0	fasciatus
red431	2014	-47.68	46.05	307	0	0	0	0	1	0	fasciatus
red432	2014	-47.68	46.05	307	0	0	0	0	1	0	fasciatus
red433	2014	-47.27	46.36	431	0	0	0	0	1	0	fasciatus
red434	2014	-47.27	46.36	431	0	0	0	0	1	0	fasciatus
red435	2014	-47.27	46.36	431	0	0	0	0	1	0	fasciatus
red436	2014	-47.27	46.36	431	0	0	0	0	1	0	fasciatus
red437	2014	-47.27	46.36	431	0	0	0	0	1	0	fasciatus
red438	2014	-47.27	46.36	431	0	0	0	0	1	0	fasciatus
red439	2014	-47.27	46.36	431	0	0	0	0	1	0	fasciatus
red440	2014	-47.27	46.36	431	0	0	0	0	1	0	fasciatus
red441	2014	-47.27	46.36	431	0	0	0	0	1	0	fasciatus
red442	2014	-47.27	46.36	431	0	0	0	0	1	0	fasciatus
red443	2014	-47.27	46.36	431	0	0	0	0	1	0	fasciatus
red444	2014	-47.27	46.36	431	0	0	0	0	1	0	fasciatus
red445	2014	-47.27	46.36	431	0	0	0	0	1	0	fasciatus
red446	2014	-47.27	46.36	431	0	0	0	0	1	0	fasciatus
red447	2014	-47.27	46.36	431	0	0	0	0	1	0	fasciatus
red448	2014	-47.27	46.36	431	0	0	0	0	1	0	fasciatus
red449	2014	-47.27	46.36	431	0	0	0	0	1	0	fasciatus
red450	2014	-47.27	46.36	431	0	0	0	0	1	0	fasciatus
red451	2014	-47.27	46.36	431	0	0	0	0	1	0	fasciatus
red452	2014	-47.27	46.36	431	0	0	0	0	1	0	fasciatus
red453	2014	-47.27	46.36	431	0	0	0	0	1	0	fasciatus
red454	2014	-47.27	46.36	431	0	0	0	0	1	0	fasciatus
red455	2014	-47.27	46.36	431	0	0	0	0	1	0	fasciatus
red456	2014	-51.96	52.93	455	0	0	0	0	1	0	mentella
red457	2014	-51.96	52.93	455	0	0	0	0	1	0	mentella
red458	2014	-51.96	52.93	455	0	0	0	0	1	0	mentella
red459	2014	-51.96	52.93	455	0	0	0	0	1	0	mentella
red460	2014	-51.96	52.93	455	0	0	0	0	1	0	mentella
red461	2014	-51.96	52.93	455	0	0	0	0	1	0	mentella
red462	2014	-51.96	52.93	455	0	0	0	0	1	0	mentella
red463	2014	-51.96	52.93	455	0	0	0	0	1	0	mentella
red464	2014	-51.96	52.93	455	0	0	0	0	1	0	mentella
red465	2014	-51.96	52.93	455	0	0	0	0	1	0	mentella
red466	2014	-51.96	52.93	455	0	0	0	0	1	0	mentella
red467	2014	-51.96	52.93	455	0	0	0	0	1	0	mentella
red468	2014	-51.96	52.93	455	0	0	0	0	1	0	mentella
red469	2014	-51.96	52.93	455	0	0	0	0	1	0	mentella
red470	2014	-51.96	52.93	455	0	0	0	0	1	0	mentella
red471	2014	-51.96	52.93	455	0	0	0	0	1	0	mentella
red472	2014	-51.96	52.93	455	0	0	0	0	1	0	mentella
red473	2014	-51.96	52.93	455	0	0	0	0	1	0	mentella
red474	2014	-51.96	52.93	455	0	0	0	0	1	0	mentella
red475	2014	-51.96	52.93	455	0	0	0	0	1	0	mentella
red476	2014	-51.96	52.93	455	0	0	0	0	1	0	mentella
red477	2014	-51.96	52.93	455	0	0	0	0	1	0	mentella
red478	2014	-51.96	52.93	455	0	0	0	0	1	0	mentella
red479	2014	-51.96	52.93	455	0	0	0	0	1	0	mentella
red480	2014	-51.96	52.93	455	0	0	0	0	1	0	mentella
red481	2014	-51.96	52.93	455	0	0	0	0	1	0	mentella
red482	2014	-51.96	52.93	455	0	0	0	0	1	0	mentella
red483	2014	-51.96	52.93	455	0	0	0	0	1	0	mentella
red484	2014	-51.96	52.93	455	0	0	0	0	1	0	mentella
red485	2014	-51.96	52.93	455	0	0	0	0	1	0	mentella
red486	2014	-51.96	52.93	455	0	0	0	0	1	0	mentella
red487	2014	-51.96	52.93	455	0	0	0	0	1	0	mentella
red488	2014	-51.96	52.93	455	0	0	0	0	1	0	mentella
red489	2014	-51.96	52.93	455	0	0	0	0	1	0	mentella
red490	2014	-51.96	52.93	455	0	0	0	0	1	0	mentella
red491	2014	-48.51	48.04	311	0	0	0	0	1	0	mentella
red492	2014	-48.51	48.04	311	0	0	0	0	1	0	mentella
red493	2014	-49.46	48.41	314	0	0	0	0	1	0	mentella
red495	2014	-50.05	49.19	544	0	0	0	0	1	0	mentella
red496	2014	-50.05	49.19	544	0	0	0	0	1	0	mentella
red497	2014	-50.05	49.19	544	0	0	0	0	1	0	mentella
red498	2014	-50.05	49.19	544	0	0	0	0	1	0	mentella
red499	2014	-50.05	49.19	544	0	0	0	0	1	0	mentella
red500	2014	-50.67	50.64	678	0	0	0	0	1	0	mentella
red501	2014	-50.24	51.3	427	0	0	0	0	1	0	mentella
red502	2014	-50.24	51.3	427	0	0	0	0	1	0	mentella
red503	2014	-50.24	51.3	427	0	0	0	0	1	0	mentella
red504	2014	-50.24	51.3	427	0	0	0	0	1	0	mentella
red505	2014	-50.24	51.3	427	0	0	0	0	1	0	mentella
red506	2014	-50.24	51.3	427	0	0	0	0	1	0	mentella
red507	2014	-50.24	51.3	427	0	0	0	0	1	0	mentella
red508	2014	-50.24	51.3	427	0	0	0	0	1	0	mentella
red509	2014	-50.24	51.3	427	0	0	0	0	1	0	mentella
red510	2014	-50.24	51.3	427	0	0	0	0	1	0	mentella
red511	2014	-50.24	51.3	427	0	0	0	0	1	0	mentella
red512	2014	-50.24	51.3	427	0	0	0	0	1	0	mentella
red513	2014	-50.24	51.3	427	0	0	0	0	1	0	mentella
red514	2014	-50.24	51.3	427	0	0	0	0	1	0	mentella
red515	2014	-50.24	51.3	427	0	0	0	0	1	0	mentella
red516	2014	-50.24	51.3	427	0	0	0	0	1	0	mentella
red517	2014	-50.24	51.3	427	0	0	0	0	1	0	mentella
red518	2014	-50.24	51.3	427	0	0	0	0	1	0	mentella
red519	2014	-50.24	51.3	427	0	0	0	0	1	0	mentella
red520	2014	-50.24	51.3	427	0	0	0	0	1	0	mentella
red521	2014	-50.24	51.3	427	0	0	0	0	1	0	mentella
red522	2014	-50.24	51.3	427	0	0	0	0	1	0	mentella
red523	2014	-50.24	51.3	427	0	0	0	0	1	0	mentella
red524	2014	-50.24	51.3	427	0	0	0	0	1	0	mentella
red525	2014	-50.24	51.3	427	0	0	0	0	1	0	mentella
red526	2014	-47.27	46.36	431	0	0	0	0	1	0	mentella
red527	2014	-47.27	46.36	431	0	0	0	0	1	0	mentella
red528	2014	-47.27	46.36	431	0	0	0	0	1	0	mentella
red529	2014	-47.04	46.51	678	0	0	0	0	1	0	mentella
red530	2014	-47.04	46.51	678	0	0	0	0	1	0	mentella
red531	2014	-47.04	46.51	678	0	0	0	0	1	0	mentella
red532	2014	-47.04	46.51	678	0	0	0	0	1	0	mentella
red533	2014	-47.04	46.51	678	0	0	0	0	1	0	mentella
red534	2014	-47.04	46.51	678	0	0	0	0	1	0	mentella
red535	2014	-47.04	46.51	678	0	0	0	0	1	0	mentella
red536	2014	-47.23	47.01	635	0	0	0	0	1	0	mentella
red537	2014	-47.23	47.01	635	0	0	0	0	1	0	mentella
red538	2014	-47.23	47.01	635	0	0	0	0	1	0	mentella
red539	2014	-47.23	47.01	635	0	0	0	0	1	0	mentella
red540	2014	-47.23	47.01	635	0	0	0	0	1	0	mentella
red541	2014	-46.88	47.97	623	0	0	0	0	1	0	mentella
red542	2014	-46.88	47.97	623	0	0	0	0	1	0	mentella
red543	2014	-46.88	47.97	623	0	0	0	0	1	0	mentella
red544	2014	-46.88	47.97	623	0	0	0	0	1	0	mentella
red545	2014	-46.88	47.97	623	0	0	0	0	1	0	mentella
red546	2014	-46.88	47.97	623	0	0	0	0	1	0	mentella
red547	2014	-46.88	47.97	623	0	0	0	0	1	0	mentella
red548	2014	-46.88	47.97	623	0	0	0	0	1	0	mentella
red549	2014	-46.88	47.97	623	0	0	0	0	1	0	mentella
red550	2014	-46.88	47.97	623	0	0	0	0	1	0	mentella
red551	2014	-47.03	48.03	578	0	0	0	0	1	0	mentella
red552	2014	-47.03	48.03	578	0	0	0	0	1	0	mentella
red553	2014	-47.03	48.03	578	0	0	0	0	1	0	mentella
red554	2014	-47.03	48.03	578	0	0	0	0	1	0	mentella
red555	2014	-47.03	48.03	578	0	0	0	0	1	0	mentella
red556	2014	-47.03	48.03	578	0	0	0	0	1	0	mentella
red557	2014	-47.03	48.03	578	0	0	0	0	1	0	mentella
red558	2014	-47.03	48.03	578	0	0	0	0	1	0	mentella
red559	2014	-47.03	48.03	578	0	0	0	0	1	0	mentella
red560	2014	-47.03	48.03	578	0	0	0	0	1	0	mentella
red561	2014	-47.03	48.03	578	0	0	0	0	1	0	mentella
red562	2014	-51.96	52.93	455	0	0	0	0	1	0	mentella
red563	2014	-51.96	52.93	455	0	0	0	0	1	0	mentella
red564	2014	-51.96	52.93	455	0	0	0	0	1	0	mentella
red565	2014	-51.96	52.93	455	0	0	0	0	1	0	mentella
red566	2014	-51.96	52.93	455	0	0	0	0	1	0	mentella
red567	2014	-51.96	52.93	455	0	0	0	0	1	0	mentella
red568	2014	-51.96	52.93	455	0	0	0	0	1	0	mentella
red569	2014	-51.96	52.93	455	0	0	0	0	1	0	mentella
red570	2014	-51.96	52.93	455	0	0	0	0	1	0	mentella
red571	2014	-51.96	52.93	455	0	0	0	0	1	0	mentella
red572	2014	-51.96	52.93	455	0	0	0	0	1	0	mentella
red573	2014	-51.96	52.93	455	0	0	0	0	1	0	mentella
red574	2014	-51.96	52.93	455	0	0	0	0	1	0	mentella
red575	2014	-51.96	52.93	455	0	0	0	0	1	0	mentella
red576	2014	-51.96	52.93	455	0	0	0	0	1	0	mentella
red577	2014	-51.96	52.93	455	0	0	0	0	1	0	mentella
red578	2014	-51.96	52.93	455	0	0	0	0	1	0	mentella
red579	2014	-51.96	52.93	455	0	0	0	0	1	0	mentella
red580	2014	-52.23	53.36	606	0	0	0	0	1	0	mentella
red581	2014	-52.23	53.36	606	0	0	0	0	1	0	mentella
red582	2014	-52.23	53.36	606	0	0	0	0	1	0	mentella
red583	2014	-52.23	53.36	606	0	0	0	0	1	0	mentella
red584	2014	-52.23	53.36	606	0	0	0	0	1	0	mentella
red585	2014	-52.23	53.36	606	0	0	0	0	1	0	mentella
red586	2014	-52.23	53.36	606	0	0	0	0	1	0	mentella
red587	2014	-52.23	53.36	606	0	0	0	0	1	0	mentella
red588	2014	-52.23	53.36	606	0	0	0	0	1	0	mentella
red589	2014	-52.23	53.36	606	0	0	0	0	1	0	mentella
red590	2014	-52.23	53.36	606	0	0	0	0	1	0	mentella
red591	2014	-52.23	53.36	606	0	0	0	0	1	0	mentella
red592	2014	-52.23	53.36	606	0	0	0	0	1	0	mentella
red593	2014	-52.23	53.36	606	0	0	0	0	1	0	mentella
red594	2014	-52.23	53.36	606	0	0	0	0	1	0	mentella
red595	2014	-52.23	53.36	606	0	0	0	0	1	0	mentella
red596	2015	-53.64	48.17	387	0	0	0	0	0	1	fasciatus
red597	2015	-53.64	48.17	387	0	0	0	0	0	1	fasciatus
red598	2015	-53.64	48.17	387	0	0	0	0	0	1	fasciatus
red599	2015	-53.64	48.17	387	0	0	0	0	0	1	fasciatus
red600	2015	-53.64	48.17	387	0	0	0	0	0	1	fasciatus
red601	2015	-53.64	48.17	387	0	0	0	0	0	1	fasciatus
red602	2015	-53.64	48.17	387	0	0	0	0	0	1	fasciatus
red603	2015	-53.64	48.17	387	0	0	0	0	0	1	fasciatus
red604	2015	-53.64	48.17	387	0	0	0	0	0	1	fasciatus
red605	2015	-53.64	48.17	387	0	0	0	0	0	1	fasciatus
red606	2015	-53.64	48.17	387	0	0	0	0	0	1	fasciatus
red607	2015	-53.64	48.17	387	0	0	0	0	0	1	fasciatus
red608	2015	-53.64	48.17	387	0	0	0	0	0	1	fasciatus
red609	2015	-53.64	48.17	387	0	0	0	0	0	1	fasciatus
red610	2015	-53.64	48.17	387	0	0	0	0	0	1	fasciatus
red611	2015	-53.64	48.17	387	0	0	0	0	0	1	fasciatus
red612	2015	-53.64	48.17	387	0	0	0	0	0	1	fasciatus
red613	2015	-53.64	48.17	387	0	0	0	0	0	1	fasciatus
red614	2015	-53.64	48.17	387	0	0	0	0	0	1	fasciatus
red615	2015	-53.64	48.17	387	0	0	0	0	0	1	fasciatus
red616	2015	-53.64	48.17	387	0	0	0	0	0	1	fasciatus
red617	2015	-53.64	48.17	387	0	0	0	0	0	1	fasciatus
red618	2015	-53.64	48.17	387	0	0	0	0	0	1	fasciatus
red619	2015	-53.64	48.17	387	0	0	0	0	0	1	fasciatus
red620	2015	-53.64	48.17	387	0	0	0	0	0	1	fasciatus
red621	2015	-53.64	48.17	387	0	0	0	0	0	1	fasciatus
red622	2015	-53.64	48.17	387	0	0	0	0	0	1	fasciatus
red623	2015	-53.64	48.17	387	0	0	0	0	0	1	fasciatus
red624	2015	-53.64	48.17	387	0	0	0	0	0	1	fasciatus
red625	2015	-53.64	48.17	387	0	0	0	0	0	1	fasciatus
red626	2015	-53.64	48.17	387	0	0	0	0	0	1	fasciatus
red627	2015	-53.64	48.17	387	0	0	0	0	0	1	fasciatus
red628	2015	-53.64	48.17	387	0	0	0	0	0	1	fasciatus
red629	2015	-53.64	48.17	387	0	0	0	0	0	1	fasciatus
red630	2015	-53.64	48.17	387	0	0	0	0	0	1	fasciatus
red631	2015	-56.17	49.5	387	0	0	0	0	0	1	fasciatus
red632	2015	-56.17	49.5	387	0	0	0	0	0	1	fasciatus
red633	2015	-56.17	49.5	387	0	0	0	0	0	1	fasciatus
red634	2015	-56.17	49.5	387	0	0	0	0	0	1	fasciatus
red635	2015	-56.17	49.5	387	0	0	0	0	0	1	fasciatus
red636	2015	-56.17	49.5	387	0	0	0	0	0	1	fasciatus
red637	2015	-56.17	49.5	387	0	0	0	0	0	1	fasciatus
red638	2015	-56.17	49.5	387	0	0	0	0	0	1	fasciatus
red639	2015	-56.17	49.5	387	0	0	0	0	0	1	fasciatus
red640	2015	-56.17	49.5	387	0	0	0	0	0	1	fasciatus
red641	2015	-56.17	49.5	387	0	0	0	0	0	1	fasciatus
red642	2015	-56.17	49.5	387	0	0	0	0	0	1	fasciatus
red643	2015	-56.17	49.5	387	0	0	0	0	0	1	fasciatus
red644	2015	-56.17	49.5	387	0	0	0	0	0	1	fasciatus
red645	2015	-56.17	49.5	387	0	0	0	0	0	1	fasciatus
red646	2015	-56.17	49.5	387	0	0	0	0	0	1	fasciatus
red647	2015	-56.17	49.5	387	0	0	0	0	0	1	fasciatus
red648	2015	-56.17	49.5	387	0	0	0	0	0	1	fasciatus
red649	2015	-56.17	49.5	387	0	0	0	0	0	1	fasciatus
red650	2015	-56.17	49.5	387	0	0	0	0	0	1	fasciatus
red651	2015	-56.17	49.5	387	0	0	0	0	0	1	fasciatus
red652	2015	-56.17	49.5	387	0	0	0	0	0	1	fasciatus
red653	2015	-56.17	49.5	387	0	0	0	0	0	1	fasciatus
red654	2015	-56.17	49.5	387	0	0	0	0	0	1	fasciatus
red655	2015	-56.17	49.5	387	0	0	0	0	0	1	fasciatus
red656	2015	-56.17	49.5	387	0	0	0	0	0	1	fasciatus
red657	2015	-56.17	49.5	387	0	0	0	0	0	1	fasciatus
red658	2015	-56.17	49.5	387	0	0	0	0	0	1	fasciatus
red659	2015	-56.17	49.5	387	0	0	0	0	0	1	fasciatus
red660	2015	-56.17	49.5	387	0	0	0	0	0	1	fasciatus
red661	2015	-56.17	49.5	387	0	0	0	0	0	1	fasciatus
red662	2015	-56.17	49.5	387	0	0	0	0	0	1	fasciatus
red663	2015	-56.17	49.5	387	0	0	0	0	0	1	fasciatus
red664	2015	-56.17	49.5	387	0	0	0	0	0	1	fasciatus
red665	2015	-56.17	49.5	387	0	0	0	0	0	1	fasciatus
red666	2015	-49.02	44.47	303	0	0	0	0	0	1	fasciatus
red667	2015	-49.02	44.47	303	0	0	0	0	0	1	fasciatus
red668	2015	-49.02	44.47	303	0	0	0	0	0	1	fasciatus
red669	2015	-49.02	44.47	303	0	0	0	0	0	1	fasciatus
red670	2015	-49.02	44.47	303	0	0	0	0	0	1	fasciatus
red671	2015	-49.02	44.47	303	0	0	0	0	0	1	fasciatus
red672	2015	-49.02	44.47	303	0	0	0	0	0	1	fasciatus
red673	2015	-49.02	44.47	303	0	0	0	0	0	1	fasciatus
red674	2015	-49.02	44.47	303	0	0	0	0	0	1	fasciatus
red675	2015	-49.02	44.47	303	0	0	0	0	0	1	fasciatus
red676	2015	-49.02	44.47	303	0	0	0	0	0	1	fasciatus
red677	2015	-49.02	44.47	303	0	0	0	0	0	1	fasciatus
red678	2015	-49.02	44.47	303	0	0	0	0	0	1	fasciatus
red679	2015	-49.02	44.47	303	0	0	0	0	0	1	fasciatus
red680	2015	-49.02	44.47	303	0	0	0	0	0	1	fasciatus
red682	2015	-50.98	43.06	253	0	0	0	0	0	1	fasciatus
red683	2015	-50.98	43.06	253	0	0	0	0	0	1	fasciatus
red684	2015	-50.98	43.06	253	0	0	0	0	0	1	fasciatus
red685	2015	-50.98	43.06	253	0	0	0	0	0	1	fasciatus
red686	2015	-50.98	43.06	253	0	0	0	0	0	1	fasciatus
red687	2015	-50.98	43.06	253	0	0	0	0	0	1	fasciatus
red688	2015	-50.98	43.06	253	0	0	0	0	0	1	fasciatus
red689	2015	-50.98	43.06	253	0	0	0	0	0	1	fasciatus
red690	2015	-50.98	43.06	253	0	0	0	0	0	1	fasciatus
red691	2015	-50.98	43.06	253	0	0	0	0	0	1	fasciatus
red692	2015	-50.98	43.06	253	0	0	0	0	0	1	fasciatus
red693	2015	-50.98	43.06	253	0	0	0	0	0	1	fasciatus
red694	2015	-50.98	43.06	253	0	0	0	0	0	1	fasciatus
red695	2015	-50.98	43.06	253	0	0	0	0	0	1	fasciatus
red700	2015	-54.44	44.93	306	0	0	0	0	0	1	fasciatus
red702	2015	-54.44	44.93	306	0	0	0	0	0	1	fasciatus
red703	2015	-54.44	44.93	306	0	0	0	0	0	1	fasciatus
red704	2015	-54.44	44.93	306	0	0	0	0	0	1	fasciatus
red706	2015	-54.44	44.93	306	0	0	0	0	0	1	fasciatus
red707	2015	-54.44	44.93	306	0	0	0	0	0	1	fasciatus
red708	2015	-54.44	44.93	306	0	0	0	0	0	1	fasciatus
red709	2015	-54.44	44.93	306	0	0	0	0	0	1	fasciatus
red710	2015	-54.44	44.93	306	0	0	0	0	0	1	fasciatus
red712	2015	-53.96	44.53	490	0	0	0	0	0	1	fasciatus
red714	2015	-50.05	42.76	629	0	0	0	0	0	1	fasciatus
red715	2015	-50.05	42.76	629	0	0	0	0	0	1	fasciatus
red716	2015	-50.05	42.76	629	0	0	0	0	0	1	fasciatus
red717	2015	-50.05	42.76	629	0	0	0	0	0	1	fasciatus
red718	2015	-50.05	42.76	629	0	0	0	0	0	1	fasciatus
red722	2015	-50.05	42.76	629	0	0	0	0	0	1	fasciatus
red743	2015	-58.52	64.56	705	0	0	0	0	0	1	mentella
red744	2015	-58.52	64.56	705	0	0	0	0	0	1	mentella
red745	2015	-58.52	64.56	705	0	0	0	0	0	1	mentella
red746	2015	-60.73	61.64	547	0	0	0	0	0	1	mentella
red747	2015	-60.73	61.64	547	0	0	0	0	0	1	mentella
red748	2015	-60.73	61.64	547	0	0	0	0	0	1	mentella
red749	2015	-61.28	62.69	667	0	0	0	0	0	1	mentella
red750	2015	-61.28	62.69	667	0	0	0	0	0	1	mentella
red751	2015	-61.28	62.69	667	0	0	0	0	0	1	mentella
red752	2015	-61.28	62.69	667	0	0	0	0	0	1	mentella
red753	2015	-59	63.95	708	0	0	0	0	0	1	mentella
red754	2015	-59	63.95	708	0	0	0	0	0	1	mentella
red755	2015	-59	63.95	708	0	0	0	0	0	1	mentella
red758	2015	-59.92	58.49	466	0	0	0	0	0	1	mentella
red760	2015	-59.92	58.49	466	0	0	0	0	0	1	mentella
red761	2015	-59.92	58.49	466	0	0	0	0	0	1	mentella
red762	2015	-60.63	59.62	319	0	0	0	0	0	1	mentella
red763	2015	-60.63	59.62	319	0	0	0	0	0	1	mentella
red767	2015	-60.34	61.46	338	0	0	0	0	0	1	mentella
red769	2015	-59.67	57.97	451	0	0	0	0	0	1	mentella
red771	2015	-63.84	60.48	439	0	0	0	0	0	1	mentella
red773	2015	-59.67	57.97	451	0	0	0	0	0	1	mentella
red774	2015	-63.84	60.48	439	0	0	0	0	0	1	mentella
red775	2015	-63.89	60.56	288	0	0	0	0	0	1	mentella
red776	2015	-63.89	60.56	288	0	0	0	0	0	1	mentella
red777	2015	-63.89	60.56	288	0	0	0	0	0	1	mentella
red778	2015	-63.89	60.56	288	0	0	0	0	0	1	mentella
red779	2015	-63.14	62.91	435	0	0	0	0	0	1	mentella
red780	2015	-63.14	62.91	435	0	0	0	0	0	1	mentella
red781	2015	-63.14	62.91	435	0	0	0	0	0	1	mentella
red782	2015	-59.67	57.97	451	0	0	0	0	0	1	mentella
red783	2015	-62.9	60.91	580	0	0	0	0	0	1	mentella
red784	2015	-62.9	62.91	580	0	0	0	0	0	1	mentella
red786	2015	-62.9	60.91	580	0	0	0	0	0	1	mentella
red787	2015	-62.03	62.71	468	0	0	0	0	0	1	mentella
red790	2015	-54.44	44.93	306	0	0	0	0	0	1	fasciatus
red791	2015	-54.44	44.93	306	0	0	0	0	0	1	fasciatus
red792	2015	-54.44	44.93	306	0	0	0	0	0	1	fasciatus
red794	2015	-54.44	44.93	306	0	0	0	0	0	1	fasciatus
red795	2015	-54.44	44.93	306	0	0	0	0	0	1	fasciatus
red796	2015	-54.44	44.93	306	0	0	0	0	0	1	fasciatus
red797	2015	-54.44	44.93	306	0	0	0	0	0	1	fasciatus
red798	2015	-53.96	44.53	490	0	0	0	0	0	1	fasciatus
red800	2015	-53.96	44.53	490	0	0	0	0	0	1	fasciatus
red801	2015	-53.96	44.53	490	0	0	0	0	0	1	fasciatus
red802	2015	-53.96	44.53	490	0	0	0	0	0	1	fasciatus
red803	2015	-53.96	44.53	490	0	0	0	0	0	1	fasciatus
red804	2015	-53.96	44.53	490	0	0	0	0	0	1	fasciatus
red805	2015	-50.05	42.76	629	0	0	0	0	0	1	fasciatus
red807	2015	-50.05	42.76	629	0	0	0	0	0	1	fasciatus
red808	2015	-50.05	42.76	629	0	0	0	0	0	1	fasciatus
red809	2015	-50.05	42.76	629	0	0	0	0	0	1	fasciatus
red810	2015	-50.05	42.76	629	0	0	0	0	0	1	fasciatus
red812	2015	-50.05	42.76	629	0	0	0	0	0	1	fasciatus
red814	2015	-50.05	42.76	629	0	0	0	0	0	1	fasciatus
red815	2015	-50.05	42.76	629	0	0	0	0	0	1	fasciatus
red816	2015	-50.05	42.76	629	0	0	0	0	0	1	fasciatus
red817	2015	-50.05	42.76	629	0	0	0	0	0	1	fasciatus
red819	2015	-50.05	42.76	629	0	0	0	0	0	1	fasciatus
red820	2015	-50.05	42.76	629	0	0	0	0	0	1	fasciatus
red821	2015	-50.05	42.76	629	0	0	0	0	0	1	fasciatus
red834	2015	-58.52	64.56	705	0	0	0	0	0	1	mentella
red835	2015	-58.52	64.56	705	0	0	0	0	0	1	mentella
red836	2015	-60.73	61.64	547	0	0	0	0	0	1	mentella
red837	2015	-60.73	61.64	547	0	0	0	0	0	1	mentella
red838	2015	-61.28	62.69	667	0	0	0	0	0	1	mentella
red839	2015	-61.28	62.69	667	0	0	0	0	0	1	mentella
red840	2015	-61.28	62.69	667	0	0	0	0	0	1	mentella
red841	2015	-61.28	62.69	667	0	0	0	0	0	1	mentella
red842	2015	-61.28	62.69	667	0	0	0	0	0	1	mentella
red843	2015	-61.28	62.69	667	0	0	0	0	0	1	mentella
red844	2015	-59	63.95	708	0	0	0	0	0	1	mentella
red846	2015	-59	63.95	708	0	0	0	0	0	1	mentella
red847	2015	-59	63.95	708	0	0	0	0	0	1	mentella
red848	2015	-59	63.95	708	0	0	0	0	0	1	mentella
red849	2015	-59	63.95	708	0	0	0	0	0	1	mentella
red850	2015	-59	63.95	708	0	0	0	0	0	1	mentella
red851	2015	-60.73	61.64	547	0	0	0	0	0	1	mentella
red852	2015	-59.67	57.97	451	0	0	0	0	0	1	mentella
red853	2015	-59.92	58.49	466	0	0	0	0	0	1	mentella
red854	2015	-59.92	58.49	466	0	0	0	0	0	1	mentella
red855	2015	-59.92	58.49	466	0	0	0	0	0	1	mentella
red856	2015	-60.63	59.62	319	0	0	0	0	0	1	mentella
red857	2015	-60.63	59.62	319	0	0	0	0	0	1	mentella
red858	2015	-60.63	59.62	319	0	0	0	0	0	1	mentella
red859	2015	-60.63	59.62	319	0	0	0	0	0	1	mentella
red860	2015	-60.63	59.62	319	0	0	0	0	0	1	mentella
red861	2015	-60.63	59.62	319	0	0	0	0	0	1	mentella
red862	2015	-60.63	59.62	319	0	0	0	0	0	1	mentella
red863	2015	-59.67	57.97	451	0	0	0	0	0	1	mentella
red864	2015	-60.63	59.62	319	0	0	0	0	0	1	mentella
red865	2015	-59.91	60.73	513	0	0	0	0	0	1	mentella
red868	2015	-60.34	61.46	338	0	0	0	0	0	1	mentella
red871	2015	-63.84	60.48	439	0	0	0	0	0	1	mentella
red872	2015	-63.89	60.56	288	0	0	0	0	0	1	mentella
red873	2015	-59.67	57.97	451	0	0	0	0	0	1	mentella
red874	2015	-63.14	62.91	435	0	0	0	0	0	1	mentella
red875	2015	-63.14	62.91	435	0	0	0	0	0	1	mentella
red876	2015	-62.9	60.91	580	0	0	0	0	0	1	mentella
red877	2015	-62.9	62.91	580	0	0	0	0	0	1	mentella
red878	2015	-62.9	60.91	580	0	0	0	0	0	1	mentella
red879	2015	-62.03	62.71	468	0	0	0	0	0	1	mentella
red880	2014	-57.56	45.11	290	0	0	0	0	1	0	mentella
red881	2014	-57.56	45.11	290	0	0	0	0	1	0	mentella
red882	2014	-57.56	45.11	290	0	0	0	0	1	0	mentella
red883	2014	-57.56	45.11	290	0	0	0	0	1	0	mentella
red884	2014	-57.56	45.11	290	0	0	0	0	1	0	mentella
red885	2014	-57.56	45.11	290	0	0	0	0	1	0	mentella
red886	2014	-57.56	45.11	290	0	0	0	0	1	0	mentella
red887	2014	-57.56	45.11	290	0	0	0	0	1	0	mentella
red888	2014	-57.56	45.11	290	0	0	0	0	1	0	mentella
red889	2014	-57.56	45.11	290	0	0	0	0	1	0	mentella
red890	2014	-57.56	45.11	290	0	0	0	0	1	0	mentella
red891	2014	-57.56	45.11	290	0	0	0	0	1	0	mentella
red892	2014	-57.56	45.11	290	0	0	0	0	1	0	mentella
red893	2014	-57.56	45.11	290	0	0	0	0	1	0	mentella
red894	2014	-57.56	45.11	290	0	0	0	0	1	0	mentella
red895	2014	-57.56	45.11	290	0	0	0	0	1	0	mentella
red896	2014	-57.56	45.11	290	0	0	0	0	1	0	mentella
red897	2014	-57.56	45.11	290	0	0	0	0	1	0	mentella
red898	2014	-57.56	45.11	290	0	0	0	0	1	0	mentella
red899	2014	-57.56	45.11	290	0	0	0	0	1	0	mentella
red900	2014	-57.56	45.11	290	0	0	0	0	1	0	mentella
red901	2014	-57.56	45.11	290	0	0	0	0	1	0	mentella
red902	2014	-57.56	45.11	290	0	0	0	0	1	0	mentella
red903	2014	-57.56	45.11	290	0	0	0	0	1	0	mentella
red904	2014	-57.56	45.11	290	0	0	0	0	1	0	mentella
red905	2014	-57.56	45.11	290	0	0	0	0	1	0	mentella
red906	2014	-57.56	45.11	290	0	0	0	0	1	0	mentella
red907	2014	-57.56	45.11	290	0	0	0	0	1	0	mentella
red908	2014	-57.56	45.11	290	0	0	0	0	1	0	mentella
red909	2014	-57.56	45.11	290	0	0	0	0	1	0	mentella
red910	2014	-57.3	47.2	234	0	0	0	0	1	0	mentella
red911	2014	-57.3	47.2	234	0	0	0	0	1	0	mentella
red912	2014	-57.3	47.2	234	0	0	0	0	1	0	mentella
red913	2014	-57.3	47.2	234	0	0	0	0	1	0	mentella
red914	2014	-57.3	47.2	234	0	0	0	0	1	0	mentella
red915	2014	-57.3	47.2	234	0	0	0	0	1	0	mentella
red916	2014	-57.3	47.2	234	0	0	0	0	1	0	mentella
red917	2014	-57.3	47.2	234	0	0	0	0	1	0	mentella
red918	2014	-57.3	47.2	234	0	0	0	0	1	0	mentella
red919	2014	-57.3	47.2	234	0	0	0	0	1	0	mentella
red920	2014	-57.3	47.2	234	0	0	0	0	1	0	mentella
red922	2014	-57.3	47.2	234	0	0	0	0	1	0	mentella
red923	2014	-57.3	47.2	234	0	0	0	0	1	0	mentella
red924	2014	-57.3	47.2	234	0	0	0	0	1	0	mentella
red925	2014	-57.3	47.2	234	0	0	0	0	1	0	mentella
red926	2014	-57.3	47.2	234	0	0	0	0	1	0	mentella
red927	2014	-57.3	47.2	234	0	0	0	0	1	0	mentella
red928	2014	-57.3	47.2	234	0	0	0	0	1	0	mentella
red929	2014	-57.3	47.2	234	0	0	0	0	1	0	mentella
red930	2014	-57.3	47.2	234	0	0	0	0	1	0	mentella
red931	2014	-57.3	47.2	234	0	0	0	0	1	0	mentella
red932	2014	-57.3	47.2	234	0	0	0	0	1	0	mentella
red933	2014	-57.3	47.2	234	0	0	0	0	1	0	mentella
red934	2014	-57.3	47.2	234	0	0	0	0	1	0	mentella
red935	2014	-57.3	47.2	234	0	0	0	0	1	0	mentella
red936	2014	-57.3	47.2	234	0	0	0	0	1	0	mentella
red937	2014	-57.3	47.2	234	0	0	0	0	1	0	mentella
red938	2014	-57.3	47.2	234	0	0	0	0	1	0	mentella
red939	2014	-57.3	47.2	234	0	0	0	0	1	0	mentella